     0.110500      180.000      310.000
     0.133900      180.000      290.000
     0.162300      190.000      300.000
     0.196600      180.000      300.000
     0.238200      180.000      300.000
     0.288500      180.000      300.000
     0.349600      180.000      310.000
     0.423500      180.000      310.000
     0.513200      190.000      310.000
     0.621700      190.000      310.000
     0.753200      180.000      300.000
     0.912700      180.000      310.000
      1.05030      180.000      310.000
      1.15620      180.000      310.000
      1.27260      180.000      310.000
      1.40070      180.000      310.000
      1.54180      180.000      310.000
      1.69700      190.000      310.000
      1.86790      190.000      310.000
      2.05600      190.000      310.000
      2.26300      190.000      310.000
      2.49090      190.000      310.000
      2.74170      190.000      310.000
      3.01780      190.000      310.000
      3.32170      190.000      300.000
      3.65620      190.000      300.000
      4.02430      190.000      290.000
      4.42960      190.000      290.000
      4.87560      190.000      290.000
      5.36650      190.000      290.000
      5.90690      190.000      280.000
      6.50170      180.000      280.000
      7.15640      180.000      280.000
      7.87690      180.000      280.000
      8.66980      180.000      280.000
      9.54280      180.000      270.000
      10.5040      180.000      270.000
      11.5620      180.000      270.000
      12.7260      180.000      270.000
      14.0070      180.000      270.000
      15.4170      180.000      260.000
      16.9700      180.000      260.000
      18.6780      180.000      260.000
      20.5590      180.000      260.000
      22.6290      180.000      250.000
      24.9080      180.000      250.000
      27.4160      180.000      250.000
      30.1770      180.000      250.000
      33.2160      180.000      240.000
      36.5600      180.000      240.000
      40.2420      180.000      240.000
      44.2940      180.000      240.000
      48.7540      180.000      240.000
      53.6630      180.000      240.000
      59.0650      180.000      240.000
      65.0130      180.000      250.000
      71.5600      180.000      240.000
      78.7650      180.000      240.000
      86.6960      180.000      250.000
      95.4260      180.000      250.000
      105.030      180.000      250.000
      115.610      180.000      260.000
      127.250      180.000      260.000
      140.070      180.000      260.000
      154.170      180.000      260.000
      169.690      190.000      260.000
      186.780      190.000      270.000
      205.590      190.000      270.000
      226.280      190.000      270.000
      249.040      190.000      270.000
      274.120      200.000      280.000
      301.720      200.000      270.000
      332.100      200.000      280.000
      365.540      200.000      280.000
      402.350      200.000      280.000
      442.860      210.000      290.000
      487.460      220.000      290.000
      536.540      210.000      290.000
      590.570      190.000      290.000
      650.030      190.000      300.000
      715.490      190.000      300.000
      787.530      190.000      320.000
      866.830      190.000      320.000
      954.120      190.000      320.000
      1050.20      190.000      320.000
      1156.00      190.000      320.000

