data:

 air_pres_h2o = 5152.773, 5612.59, 6098.948, 6612.521, 7153.972, 7723.951, 
    8323.097, 8952.034, 9611.376, 10301.72, 11023.65, 11777.74, 12564.55, 
    13384.62, 14238.48, 15126.63, 16049.59, 17007.83, 18001.83, 19032.03, 
    20098.87, 21202.77, 22344.15, 23523.38, 24740.85, 25996.92, 27291.92, 
    28626.18, 30000.01, 31413.7, 32867.54, 34361.77, 35896.66, 37472.42, 
    39089.27, 40747.4, 42446.99, 44188.21, 45971.2, 47796.09, 49662.99, 
    51572.02, 53523.23, 55516.71, 57552.5, 59630.64, 61751.13, 63914, 
    66119.21, 68366.75, 70656.56, 72988.59, 75362.77, 77778.99, 80237.16, 
    82737.15, 85278.82, 87862.03, 90486.61, 93152.38, 95859.13, 98606.68, 
    101394.8, 104223.2, 107091.7, 110000 ;

