1050
1013.948
986.0668
958.5913
931.5238
904.8661
878.6203
852.7882
827.3715
802.3715
777.7899
753.6277
729.8859
706.5656
683.6675
661.1921
639.14
617.5113
596.3064
575.525
555.1671
535.2323
515.7202
496.6299
477.9609
459.712
441.8821
424.4699
407.474
390.8927
374.7242
358.9666
343.6177
328.6754
314.137
300.0001
286.2618
272.9192
259.9692
247.4085
235.2338
223.4415
212.0277
200.9887
190.3203
180.0183
170.0783
160.4959
151.2663
142.3848
133.8462
125.6455
117.7774
110.2365
103.0172
96.11375
89.52034
83.23096
77.23951
71.53972
66.12521
60.98948
56.1259
51.52773
47.18812
43.10009
39.25658
35.65041
32.27433
29.12096
26.18287
23.45253
20.92236
18.58469
16.43179
14.45589
12.64918
11.0038
9.511854
8.165448
6.956666
5.877595
4.920336
4.077014
3.339791
2.700879
2.152557
1.687186
1.297228
0.9752635
0.7140144
0.5063668
0.3453986
0.2244084
0.136951
0.07687727
0.03838212
0.01606383
