    1     1.1560e+03    1     190.0
    1     1.1560e+03    2     200.0
    1     1.1560e+03    3     210.0
    1     1.1560e+03    4     220.0
    1     1.1560e+03    5     230.0
    1     1.1560e+03    6     240.0
    1     1.1560e+03    7     250.0
    1     1.1560e+03    8     260.0
    1     1.1560e+03    9     270.0
    1     1.1560e+03   10     280.0
    1     1.1560e+03   11     290.0
    1     1.1560e+03   12     300.0
    1     1.1560e+03   13     310.0
    1     1.1560e+03   14     320.0
    2     1.0502e+03    1     190.0
    2     1.0502e+03    2     200.0
    2     1.0502e+03    3     210.0
    2     1.0502e+03    4     220.0
    2     1.0502e+03    5     230.0
    2     1.0502e+03    6     240.0
    2     1.0502e+03    7     250.0
    2     1.0502e+03    8     260.0
    2     1.0502e+03    9     270.0
    2     1.0502e+03   10     280.0
    2     1.0502e+03   11     290.0
    2     1.0502e+03   12     300.0
    2     1.0502e+03   13     310.0
    2     1.0502e+03   14     320.0
    3     9.5412e+02    1     190.0
    3     9.5412e+02    2     200.0
    3     9.5412e+02    3     210.0
    3     9.5412e+02    4     220.0
    3     9.5412e+02    5     230.0
    3     9.5412e+02    6     240.0
    3     9.5412e+02    7     250.0
    3     9.5412e+02    8     260.0
    3     9.5412e+02    9     270.0
    3     9.5412e+02   10     280.0
    3     9.5412e+02   11     290.0
    3     9.5412e+02   12     300.0
    3     9.5412e+02   13     310.0
    3     9.5412e+02   14     320.0
    4     8.6683e+02    1     190.0
    4     8.6683e+02    2     200.0
    4     8.6683e+02    3     210.0
    4     8.6683e+02    4     220.0
    4     8.6683e+02    5     230.0
    4     8.6683e+02    6     240.0
    4     8.6683e+02    7     250.0
    4     8.6683e+02    8     260.0
    4     8.6683e+02    9     270.0
    4     8.6683e+02   10     280.0
    4     8.6683e+02   11     290.0
    4     8.6683e+02   12     300.0
    4     8.6683e+02   13     310.0
    4     8.6683e+02   14     320.0
    5     7.8753e+02    1     190.0
    5     7.8753e+02    2     200.0
    5     7.8753e+02    3     210.0
    5     7.8753e+02    4     220.0
    5     7.8753e+02    5     230.0
    5     7.8753e+02    6     240.0
    5     7.8753e+02    7     250.0
    5     7.8753e+02    8     260.0
    5     7.8753e+02    9     270.0
    5     7.8753e+02   10     280.0
    5     7.8753e+02   11     290.0
    5     7.8753e+02   12     300.0
    5     7.8753e+02   13     310.0
    5     7.8753e+02   14     320.0
    6     7.1549e+02    1     190.0
    6     7.1549e+02    2     200.0
    6     7.1549e+02    3     210.0
    6     7.1549e+02    4     220.0
    6     7.1549e+02    5     230.0
    6     7.1549e+02    6     240.0
    6     7.1549e+02    7     250.0
    6     7.1549e+02    8     260.0
    6     7.1549e+02    9     270.0
    6     7.1549e+02   10     280.0
    6     7.1549e+02   11     290.0
    6     7.1549e+02   12     300.0
    7     6.5003e+02    1     190.0
    7     6.5003e+02    2     200.0
    7     6.5003e+02    3     210.0
    7     6.5003e+02    4     220.0
    7     6.5003e+02    5     230.0
    7     6.5003e+02    6     240.0
    7     6.5003e+02    7     250.0
    7     6.5003e+02    8     260.0
    7     6.5003e+02    9     270.0
    7     6.5003e+02   10     280.0
    7     6.5003e+02   11     290.0
    7     6.5003e+02   12     300.0
    8     5.9057e+02    1     190.0
    8     5.9057e+02    2     200.0
    8     5.9057e+02    3     210.0
    8     5.9057e+02    4     220.0
    8     5.9057e+02    5     230.0
    8     5.9057e+02    6     240.0
    8     5.9057e+02    7     250.0
    8     5.9057e+02    8     260.0
    8     5.9057e+02    9     270.0
    8     5.9057e+02   10     280.0
    8     5.9057e+02   11     290.0
    9     5.3654e+02    1     210.0
    9     5.3654e+02    2     220.0
    9     5.3654e+02    3     230.0
    9     5.3654e+02    4     240.0
    9     5.3654e+02    5     250.0
    9     5.3654e+02    6     260.0
    9     5.3654e+02    7     270.0
    9     5.3654e+02    8     280.0
    9     5.3654e+02    9     290.0
   10     4.8746e+02    1     220.0
   10     4.8746e+02    2     230.0
   10     4.8746e+02    3     240.0
   10     4.8746e+02    4     250.0
   10     4.8746e+02    5     260.0
   10     4.8746e+02    6     270.0
   10     4.8746e+02    7     280.0
   10     4.8746e+02    8     290.0
   11     4.4286e+02    1     210.0
   11     4.4286e+02    2     220.0
   11     4.4286e+02    3     230.0
   11     4.4286e+02    4     240.0
   11     4.4286e+02    5     250.0
   11     4.4286e+02    6     260.0
   11     4.4286e+02    7     270.0
   11     4.4286e+02    8     280.0
   11     4.4286e+02    9     290.0
   12     4.0235e+02    1     200.0
   12     4.0235e+02    2     210.0
   12     4.0235e+02    3     220.0
   12     4.0235e+02    4     230.0
   12     4.0235e+02    5     240.0
   12     4.0235e+02    6     250.0
   12     4.0235e+02    7     260.0
   12     4.0235e+02    8     270.0
   12     4.0235e+02    9     280.0
   13     3.6554e+02    1     200.0
   13     3.6554e+02    2     210.0
   13     3.6554e+02    3     220.0
   13     3.6554e+02    4     230.0
   13     3.6554e+02    5     240.0
   13     3.6554e+02    6     250.0
   13     3.6554e+02    7     260.0
   13     3.6554e+02    8     270.0
   13     3.6554e+02    9     280.0
   14     3.3210e+02    1     200.0
   14     3.3210e+02    2     210.0
   14     3.3210e+02    3     220.0
   14     3.3210e+02    4     230.0
   14     3.3210e+02    5     240.0
   14     3.3210e+02    6     250.0
   14     3.3210e+02    7     260.0
   14     3.3210e+02    8     270.0
   14     3.3210e+02    9     280.0
   15     3.0172e+02    1     200.0
   15     3.0172e+02    2     210.0
   15     3.0172e+02    3     220.0
   15     3.0172e+02    4     230.0
   15     3.0172e+02    5     240.0
   15     3.0172e+02    6     250.0
   15     3.0172e+02    7     260.0
   15     3.0172e+02    8     270.0
   16     2.7412e+02    1     200.0
   16     2.7412e+02    2     210.0
   16     2.7412e+02    3     220.0
   16     2.7412e+02    4     230.0
   16     2.7412e+02    5     240.0
   16     2.7412e+02    6     250.0
   16     2.7412e+02    7     260.0
   16     2.7412e+02    8     270.0
   16     2.7412e+02    9     280.0
   17     2.4904e+02    1     190.0
   17     2.4904e+02    2     200.0
   17     2.4904e+02    3     210.0
   17     2.4904e+02    4     220.0
   17     2.4904e+02    5     230.0
   17     2.4904e+02    6     240.0
   17     2.4904e+02    7     250.0
   17     2.4904e+02    8     260.0
   17     2.4904e+02    9     270.0
   18     2.2628e+02    1     190.0
   18     2.2628e+02    2     200.0
   18     2.2628e+02    3     210.0
   18     2.2628e+02    4     220.0
   18     2.2628e+02    5     230.0
   18     2.2628e+02    6     240.0
   18     2.2628e+02    7     250.0
   18     2.2628e+02    8     260.0
   18     2.2628e+02    9     270.0
   19     2.0559e+02    1     190.0
   19     2.0559e+02    2     200.0
   19     2.0559e+02    3     210.0
   19     2.0559e+02    4     220.0
   19     2.0559e+02    5     230.0
   19     2.0559e+02    6     240.0
   19     2.0559e+02    7     250.0
   19     2.0559e+02    8     260.0
   19     2.0559e+02    9     270.0
   20     1.8678e+02    1     190.0
   20     1.8678e+02    2     200.0
   20     1.8678e+02    3     210.0
   20     1.8678e+02    4     220.0
   20     1.8678e+02    5     230.0
   20     1.8678e+02    6     240.0
   20     1.8678e+02    7     250.0
   20     1.8678e+02    8     260.0
   20     1.8678e+02    9     270.0
   21     1.6970e+02    1     190.0
   21     1.6970e+02    2     200.0
   21     1.6970e+02    3     210.0
   21     1.6970e+02    4     220.0
   21     1.6970e+02    5     230.0
   21     1.6970e+02    6     240.0
   21     1.6970e+02    7     250.0
   21     1.6970e+02    8     260.0
   22     1.5417e+02    1     180.0
   22     1.5417e+02    2     190.0
   22     1.5417e+02    3     200.0
   22     1.5417e+02    4     210.0
   22     1.5417e+02    5     220.0
   22     1.5417e+02    6     230.0
   22     1.5417e+02    7     240.0
   22     1.5417e+02    8     250.0
   22     1.5417e+02    9     260.0
   23     1.4007e+02    1     180.0
   23     1.4007e+02    2     190.0
   23     1.4007e+02    3     200.0
   23     1.4007e+02    4     210.0
   23     1.4007e+02    5     220.0
   23     1.4007e+02    6     230.0
   23     1.4007e+02    7     240.0
   23     1.4007e+02    8     250.0
   23     1.4007e+02    9     260.0
   24     1.2725e+02    1     180.0
   24     1.2725e+02    2     190.0
   24     1.2725e+02    3     200.0
   24     1.2725e+02    4     210.0
   24     1.2725e+02    5     220.0
   24     1.2725e+02    6     230.0
   24     1.2725e+02    7     240.0
   24     1.2725e+02    8     250.0
   24     1.2725e+02    9     260.0
   25     1.1561e+02    1     180.0
   25     1.1561e+02    2     190.0
   25     1.1561e+02    3     200.0
   25     1.1561e+02    4     210.0
   25     1.1561e+02    5     220.0
   25     1.1561e+02    6     230.0
   25     1.1561e+02    7     240.0
   25     1.1561e+02    8     250.0
   25     1.1561e+02    9     260.0
   26     1.0503e+02    1     180.0
   26     1.0503e+02    2     190.0
   26     1.0503e+02    3     200.0
   26     1.0503e+02    4     210.0
   26     1.0503e+02    5     220.0
   26     1.0503e+02    6     230.0
   26     1.0503e+02    7     240.0
   26     1.0503e+02    8     250.0
   27     9.5426e+01    1     180.0
   27     9.5426e+01    2     190.0
   27     9.5426e+01    3     200.0
   27     9.5426e+01    4     210.0
   27     9.5426e+01    5     220.0
   27     9.5426e+01    6     230.0
   27     9.5426e+01    7     240.0
   27     9.5426e+01    8     250.0
   28     8.6696e+01    1     180.0
   28     8.6696e+01    2     190.0
   28     8.6696e+01    3     200.0
   28     8.6696e+01    4     210.0
   28     8.6696e+01    5     220.0
   28     8.6696e+01    6     230.0
   28     8.6696e+01    7     240.0
   28     8.6696e+01    8     250.0
   29     7.8765e+01    1     180.0
   29     7.8765e+01    2     190.0
   29     7.8765e+01    3     200.0
   29     7.8765e+01    4     210.0
   29     7.8765e+01    5     220.0
   29     7.8765e+01    6     230.0
   29     7.8765e+01    7     240.0
   30     7.1560e+01    1     180.0
   30     7.1560e+01    2     190.0
   30     7.1560e+01    3     200.0
   30     7.1560e+01    4     210.0
   30     7.1560e+01    5     220.0
   30     7.1560e+01    6     230.0
   30     7.1560e+01    7     240.0
   31     6.5013e+01    1     180.0
   31     6.5013e+01    2     190.0
   31     6.5013e+01    3     200.0
   31     6.5013e+01    4     210.0
   31     6.5013e+01    5     220.0
   31     6.5013e+01    6     230.0
   31     6.5013e+01    7     240.0
   31     6.5013e+01    8     250.0
   32     5.9065e+01    1     180.0
   32     5.9065e+01    2     190.0
   32     5.9065e+01    3     200.0
   32     5.9065e+01    4     210.0
   32     5.9065e+01    5     220.0
   32     5.9065e+01    6     230.0
   32     5.9065e+01    7     240.0
   33     5.3663e+01    1     180.0
   33     5.3663e+01    2     190.0
   33     5.3663e+01    3     200.0
   33     5.3663e+01    4     210.0
   33     5.3663e+01    5     220.0
   33     5.3663e+01    6     230.0
   33     5.3663e+01    7     240.0
   34     4.8754e+01    1     180.0
   34     4.8754e+01    2     190.0
   34     4.8754e+01    3     200.0
   34     4.8754e+01    4     210.0
   34     4.8754e+01    5     220.0
   34     4.8754e+01    6     230.0
   34     4.8754e+01    7     240.0
   35     4.4294e+01    1     180.0
   35     4.4294e+01    2     190.0
   35     4.4294e+01    3     200.0
   35     4.4294e+01    4     210.0
   35     4.4294e+01    5     220.0
   35     4.4294e+01    6     230.0
   35     4.4294e+01    7     240.0
   36     4.0242e+01    1     180.0
   36     4.0242e+01    2     190.0
   36     4.0242e+01    3     200.0
   36     4.0242e+01    4     210.0
   36     4.0242e+01    5     220.0
   36     4.0242e+01    6     230.0
   36     4.0242e+01    7     240.0
   37     3.6560e+01    1     180.0
   37     3.6560e+01    2     190.0
   37     3.6560e+01    3     200.0
   37     3.6560e+01    4     210.0
   37     3.6560e+01    5     220.0
   37     3.6560e+01    6     230.0
   37     3.6560e+01    7     240.0
   38     3.3216e+01    1     180.0
   38     3.3216e+01    2     190.0
   38     3.3216e+01    3     200.0
   38     3.3216e+01    4     210.0
   38     3.3216e+01    5     220.0
   38     3.3216e+01    6     230.0
   38     3.3216e+01    7     240.0
   39     3.0177e+01    1     180.0
   39     3.0177e+01    2     190.0
   39     3.0177e+01    3     200.0
   39     3.0177e+01    4     210.0
   39     3.0177e+01    5     220.0
   39     3.0177e+01    6     230.0
   39     3.0177e+01    7     240.0
   39     3.0177e+01    8     250.0
   40     2.7416e+01    1     180.0
   40     2.7416e+01    2     190.0
   40     2.7416e+01    3     200.0
   40     2.7416e+01    4     210.0
   40     2.7416e+01    5     220.0
   40     2.7416e+01    6     230.0
   40     2.7416e+01    7     240.0
   40     2.7416e+01    8     250.0
   41     2.4908e+01    1     180.0
   41     2.4908e+01    2     190.0
   41     2.4908e+01    3     200.0
   41     2.4908e+01    4     210.0
   41     2.4908e+01    5     220.0
   41     2.4908e+01    6     230.0
   41     2.4908e+01    7     240.0
   41     2.4908e+01    8     250.0
   42     2.2629e+01    1     180.0
   42     2.2629e+01    2     190.0
   42     2.2629e+01    3     200.0
   42     2.2629e+01    4     210.0
   42     2.2629e+01    5     220.0
   42     2.2629e+01    6     230.0
   42     2.2629e+01    7     240.0
   42     2.2629e+01    8     250.0
   43     2.0559e+01    1     180.0
   43     2.0559e+01    2     190.0
   43     2.0559e+01    3     200.0
   43     2.0559e+01    4     210.0
   43     2.0559e+01    5     220.0
   43     2.0559e+01    6     230.0
   43     2.0559e+01    7     240.0
   43     2.0559e+01    8     250.0
   43     2.0559e+01    9     260.0
   44     1.8678e+01    1     180.0
   44     1.8678e+01    2     190.0
   44     1.8678e+01    3     200.0
   44     1.8678e+01    4     210.0
   44     1.8678e+01    5     220.0
   44     1.8678e+01    6     230.0
   44     1.8678e+01    7     240.0
   44     1.8678e+01    8     250.0
   44     1.8678e+01    9     260.0
   45     1.6970e+01    1     180.0
   45     1.6970e+01    2     190.0
   45     1.6970e+01    3     200.0
   45     1.6970e+01    4     210.0
   45     1.6970e+01    5     220.0
   45     1.6970e+01    6     230.0
   45     1.6970e+01    7     240.0
   45     1.6970e+01    8     250.0
   45     1.6970e+01    9     260.0
   46     1.5417e+01    1     180.0
   46     1.5417e+01    2     190.0
   46     1.5417e+01    3     200.0
   46     1.5417e+01    4     210.0
   46     1.5417e+01    5     220.0
   46     1.5417e+01    6     230.0
   46     1.5417e+01    7     240.0
   46     1.5417e+01    8     250.0
   46     1.5417e+01    9     260.0
   47     1.4007e+01    1     180.0
   47     1.4007e+01    2     190.0
   47     1.4007e+01    3     200.0
   47     1.4007e+01    4     210.0
   47     1.4007e+01    5     220.0
   47     1.4007e+01    6     230.0
   47     1.4007e+01    7     240.0
   47     1.4007e+01    8     250.0
   47     1.4007e+01    9     260.0
   47     1.4007e+01   10     270.0
   48     1.2726e+01    1     180.0
   48     1.2726e+01    2     190.0
   48     1.2726e+01    3     200.0
   48     1.2726e+01    4     210.0
   48     1.2726e+01    5     220.0
   48     1.2726e+01    6     230.0
   48     1.2726e+01    7     240.0
   48     1.2726e+01    8     250.0
   48     1.2726e+01    9     260.0
   48     1.2726e+01   10     270.0
   49     1.1561e+01    1     180.0
   49     1.1561e+01    2     190.0
   49     1.1561e+01    3     200.0
   49     1.1561e+01    4     210.0
   49     1.1561e+01    5     220.0
   49     1.1561e+01    6     230.0
   49     1.1561e+01    7     240.0
   49     1.1561e+01    8     250.0
   49     1.1561e+01    9     260.0
   49     1.1561e+01   10     270.0
   50     1.0504e+01    1     180.0
   50     1.0504e+01    2     190.0
   50     1.0504e+01    3     200.0
   50     1.0504e+01    4     210.0
   50     1.0504e+01    5     220.0
   50     1.0504e+01    6     230.0
   50     1.0504e+01    7     240.0
   50     1.0504e+01    8     250.0
   50     1.0504e+01    9     260.0
   50     1.0504e+01   10     270.0
   51     9.5428e+00    1     180.0
   51     9.5428e+00    2     190.0
   51     9.5428e+00    3     200.0
   51     9.5428e+00    4     210.0
   51     9.5428e+00    5     220.0
   51     9.5428e+00    6     230.0
   51     9.5428e+00    7     240.0
   51     9.5428e+00    8     250.0
   51     9.5428e+00    9     260.0
   51     9.5428e+00   10     270.0
   52     8.6698e+00    1     180.0
   52     8.6698e+00    2     190.0
   52     8.6698e+00    3     200.0
   52     8.6698e+00    4     210.0
   52     8.6698e+00    5     220.0
   52     8.6698e+00    6     230.0
   52     8.6698e+00    7     240.0
   52     8.6698e+00    8     250.0
   52     8.6698e+00    9     260.0
   52     8.6698e+00   10     270.0
   52     8.6698e+00   11     280.0
   53     7.8769e+00    1     180.0
   53     7.8769e+00    2     190.0
   53     7.8769e+00    3     200.0
   53     7.8769e+00    4     210.0
   53     7.8769e+00    5     220.0
   53     7.8769e+00    6     230.0
   53     7.8769e+00    7     240.0
   53     7.8769e+00    8     250.0
   53     7.8769e+00    9     260.0
   53     7.8769e+00   10     270.0
   53     7.8769e+00   11     280.0
   54     7.1564e+00    1     180.0
   54     7.1564e+00    2     190.0
   54     7.1564e+00    3     200.0
   54     7.1564e+00    4     210.0
   54     7.1564e+00    5     220.0
   54     7.1564e+00    6     230.0
   54     7.1564e+00    7     240.0
   54     7.1564e+00    8     250.0
   54     7.1564e+00    9     260.0
   54     7.1564e+00   10     270.0
   54     7.1564e+00   11     280.0
   55     6.5017e+00    1     180.0
   55     6.5017e+00    2     190.0
   55     6.5017e+00    3     200.0
   55     6.5017e+00    4     210.0
   55     6.5017e+00    5     220.0
   55     6.5017e+00    6     230.0
   55     6.5017e+00    7     240.0
   55     6.5017e+00    8     250.0
   55     6.5017e+00    9     260.0
   55     6.5017e+00   10     270.0
   55     6.5017e+00   11     280.0
   56     5.9069e+00    1     190.0
   56     5.9069e+00    2     200.0
   56     5.9069e+00    3     210.0
   56     5.9069e+00    4     220.0
   56     5.9069e+00    5     230.0
   56     5.9069e+00    6     240.0
   56     5.9069e+00    7     250.0
   56     5.9069e+00    8     260.0
   56     5.9069e+00    9     270.0
   56     5.9069e+00   10     280.0
   57     5.3665e+00    1     190.0
   57     5.3665e+00    2     200.0
   57     5.3665e+00    3     210.0
   57     5.3665e+00    4     220.0
   57     5.3665e+00    5     230.0
   57     5.3665e+00    6     240.0
   57     5.3665e+00    7     250.0
   57     5.3665e+00    8     260.0
   57     5.3665e+00    9     270.0
   57     5.3665e+00   10     280.0
   57     5.3665e+00   11     290.0
   58     4.8756e+00    1     190.0
   58     4.8756e+00    2     200.0
   58     4.8756e+00    3     210.0
   58     4.8756e+00    4     220.0
   58     4.8756e+00    5     230.0
   58     4.8756e+00    6     240.0
   58     4.8756e+00    7     250.0
   58     4.8756e+00    8     260.0
   58     4.8756e+00    9     270.0
   58     4.8756e+00   10     280.0
   58     4.8756e+00   11     290.0
   59     4.4296e+00    1     190.0
   59     4.4296e+00    2     200.0
   59     4.4296e+00    3     210.0
   59     4.4296e+00    4     220.0
   59     4.4296e+00    5     230.0
   59     4.4296e+00    6     240.0
   59     4.4296e+00    7     250.0
   59     4.4296e+00    8     260.0
   59     4.4296e+00    9     270.0
   59     4.4296e+00   10     280.0
   59     4.4296e+00   11     290.0
   60     4.0243e+00    1     190.0
   60     4.0243e+00    2     200.0
   60     4.0243e+00    3     210.0
   60     4.0243e+00    4     220.0
   60     4.0243e+00    5     230.0
   60     4.0243e+00    6     240.0
   60     4.0243e+00    7     250.0
   60     4.0243e+00    8     260.0
   60     4.0243e+00    9     270.0
   60     4.0243e+00   10     280.0
   60     4.0243e+00   11     290.0
   61     3.6562e+00    1     190.0
   61     3.6562e+00    2     200.0
   61     3.6562e+00    3     210.0
   61     3.6562e+00    4     220.0
   61     3.6562e+00    5     230.0
   61     3.6562e+00    6     240.0
   61     3.6562e+00    7     250.0
   61     3.6562e+00    8     260.0
   61     3.6562e+00    9     270.0
   61     3.6562e+00   10     280.0
   61     3.6562e+00   11     290.0
   61     3.6562e+00   12     300.0
   62     3.3217e+00    1     190.0
   62     3.3217e+00    2     200.0
   62     3.3217e+00    3     210.0
   62     3.3217e+00    4     220.0
   62     3.3217e+00    5     230.0
   62     3.3217e+00    6     240.0
   62     3.3217e+00    7     250.0
   62     3.3217e+00    8     260.0
   62     3.3217e+00    9     270.0
   62     3.3217e+00   10     280.0
   62     3.3217e+00   11     290.0
   62     3.3217e+00   12     300.0
   63     3.0178e+00    1     190.0
   63     3.0178e+00    2     200.0
   63     3.0178e+00    3     210.0
   63     3.0178e+00    4     220.0
   63     3.0178e+00    5     230.0
   63     3.0178e+00    6     240.0
   63     3.0178e+00    7     250.0
   63     3.0178e+00    8     260.0
   63     3.0178e+00    9     270.0
   63     3.0178e+00   10     280.0
   63     3.0178e+00   11     290.0
   63     3.0178e+00   12     300.0
   63     3.0178e+00   13     310.0
   64     2.7417e+00    1     190.0
   64     2.7417e+00    2     200.0
   64     2.7417e+00    3     210.0
   64     2.7417e+00    4     220.0
   64     2.7417e+00    5     230.0
   64     2.7417e+00    6     240.0
   64     2.7417e+00    7     250.0
   64     2.7417e+00    8     260.0
   64     2.7417e+00    9     270.0
   64     2.7417e+00   10     280.0
   64     2.7417e+00   11     290.0
   64     2.7417e+00   12     300.0
   64     2.7417e+00   13     310.0
   65     2.4909e+00    1     190.0
   65     2.4909e+00    2     200.0
   65     2.4909e+00    3     210.0
   65     2.4909e+00    4     220.0
   65     2.4909e+00    5     230.0
   65     2.4909e+00    6     240.0
   65     2.4909e+00    7     250.0
   65     2.4909e+00    8     260.0
   65     2.4909e+00    9     270.0
   65     2.4909e+00   10     280.0
   65     2.4909e+00   11     290.0
   65     2.4909e+00   12     300.0
   65     2.4909e+00   13     310.0
   66     2.2630e+00    1     190.0
   66     2.2630e+00    2     200.0
   66     2.2630e+00    3     210.0
   66     2.2630e+00    4     220.0
   66     2.2630e+00    5     230.0
   66     2.2630e+00    6     240.0
   66     2.2630e+00    7     250.0
   66     2.2630e+00    8     260.0
   66     2.2630e+00    9     270.0
   66     2.2630e+00   10     280.0
   66     2.2630e+00   11     290.0
   66     2.2630e+00   12     300.0
   66     2.2630e+00   13     310.0
   67     2.0560e+00    1     190.0
   67     2.0560e+00    2     200.0
   67     2.0560e+00    3     210.0
   67     2.0560e+00    4     220.0
   67     2.0560e+00    5     230.0
   67     2.0560e+00    6     240.0
   67     2.0560e+00    7     250.0
   67     2.0560e+00    8     260.0
   67     2.0560e+00    9     270.0
   67     2.0560e+00   10     280.0
   67     2.0560e+00   11     290.0
   67     2.0560e+00   12     300.0
   67     2.0560e+00   13     310.0
   68     1.8679e+00    1     190.0
   68     1.8679e+00    2     200.0
   68     1.8679e+00    3     210.0
   68     1.8679e+00    4     220.0
   68     1.8679e+00    5     230.0
   68     1.8679e+00    6     240.0
   68     1.8679e+00    7     250.0
   68     1.8679e+00    8     260.0
   68     1.8679e+00    9     270.0
   68     1.8679e+00   10     280.0
   68     1.8679e+00   11     290.0
   68     1.8679e+00   12     300.0
   68     1.8679e+00   13     310.0
   69     1.6970e+00    1     190.0
   69     1.6970e+00    2     200.0
   69     1.6970e+00    3     210.0
   69     1.6970e+00    4     220.0
   69     1.6970e+00    5     230.0
   69     1.6970e+00    6     240.0
   69     1.6970e+00    7     250.0
   69     1.6970e+00    8     260.0
   69     1.6970e+00    9     270.0
   69     1.6970e+00   10     280.0
   69     1.6970e+00   11     290.0
   69     1.6970e+00   12     300.0
   69     1.6970e+00   13     310.0
   70     1.5418e+00    1     180.0
   70     1.5418e+00    2     190.0
   70     1.5418e+00    3     200.0
   70     1.5418e+00    4     210.0
   70     1.5418e+00    5     220.0
   70     1.5418e+00    6     230.0
   70     1.5418e+00    7     240.0
   70     1.5418e+00    8     250.0
   70     1.5418e+00    9     260.0
   70     1.5418e+00   10     270.0
   70     1.5418e+00   11     280.0
   70     1.5418e+00   12     290.0
   70     1.5418e+00   13     300.0
   70     1.5418e+00   14     310.0
   71     1.4007e+00    1     180.0
   71     1.4007e+00    2     190.0
   71     1.4007e+00    3     200.0
   71     1.4007e+00    4     210.0
   71     1.4007e+00    5     220.0
   71     1.4007e+00    6     230.0
   71     1.4007e+00    7     240.0
   71     1.4007e+00    8     250.0
   71     1.4007e+00    9     260.0
   71     1.4007e+00   10     270.0
   71     1.4007e+00   11     280.0
   71     1.4007e+00   12     290.0
   71     1.4007e+00   13     300.0
   71     1.4007e+00   14     310.0
   72     1.2726e+00    1     180.0
   72     1.2726e+00    2     190.0
   72     1.2726e+00    3     200.0
   72     1.2726e+00    4     210.0
   72     1.2726e+00    5     220.0
   72     1.2726e+00    6     230.0
   72     1.2726e+00    7     240.0
   72     1.2726e+00    8     250.0
   72     1.2726e+00    9     260.0
   72     1.2726e+00   10     270.0
   72     1.2726e+00   11     280.0
   72     1.2726e+00   12     290.0
   72     1.2726e+00   13     300.0
   72     1.2726e+00   14     310.0
   73     1.1562e+00    1     180.0
   73     1.1562e+00    2     190.0
   73     1.1562e+00    3     200.0
   73     1.1562e+00    4     210.0
   73     1.1562e+00    5     220.0
   73     1.1562e+00    6     230.0
   73     1.1562e+00    7     240.0
   73     1.1562e+00    8     250.0
   73     1.1562e+00    9     260.0
   73     1.1562e+00   10     270.0
   73     1.1562e+00   11     280.0
   73     1.1562e+00   12     290.0
   73     1.1562e+00   13     300.0
   73     1.1562e+00   14     310.0
   74     1.0503e+00    1     180.0
   74     1.0503e+00    2     190.0
   74     1.0503e+00    3     200.0
   74     1.0503e+00    4     210.0
   74     1.0503e+00    5     220.0
   74     1.0503e+00    6     230.0
   74     1.0503e+00    7     240.0
   74     1.0503e+00    8     250.0
   74     1.0503e+00    9     260.0
   74     1.0503e+00   10     270.0
   74     1.0503e+00   11     280.0
   74     1.0503e+00   12     290.0
   74     1.0503e+00   13     300.0
   74     1.0503e+00   14     310.0
   75     9.1271e-01    1     180.0
   75     9.1271e-01    2     190.0
   75     9.1271e-01    3     200.0
   75     9.1271e-01    4     210.0
   75     9.1271e-01    5     220.0
   75     9.1271e-01    6     230.0
   75     9.1271e-01    7     240.0
   75     9.1271e-01    8     250.0
   75     9.1271e-01    9     260.0
   75     9.1271e-01   10     270.0
   75     9.1271e-01   11     280.0
   75     9.1271e-01   12     290.0
   75     9.1271e-01   13     300.0
   75     9.1271e-01   14     310.0
   76     7.5324e-01    1     180.0
   76     7.5324e-01    2     190.0
   76     7.5324e-01    3     200.0
   76     7.5324e-01    4     210.0
   76     7.5324e-01    5     220.0
   76     7.5324e-01    6     230.0
   76     7.5324e-01    7     240.0
   76     7.5324e-01    8     250.0
   76     7.5324e-01    9     260.0
   76     7.5324e-01   10     270.0
   76     7.5324e-01   11     280.0
   76     7.5324e-01   12     290.0
   76     7.5324e-01   13     300.0
   77     6.2170e-01    1     190.0
   77     6.2170e-01    2     200.0
   77     6.2170e-01    3     210.0
   77     6.2170e-01    4     220.0
   77     6.2170e-01    5     230.0
   77     6.2170e-01    6     240.0
   77     6.2170e-01    7     250.0
   77     6.2170e-01    8     260.0
   77     6.2170e-01    9     270.0
   77     6.2170e-01   10     280.0
   77     6.2170e-01   11     290.0
   77     6.2170e-01   12     300.0
   77     6.2170e-01   13     310.0
   78     5.1316e-01    1     190.0
   78     5.1316e-01    2     200.0
   78     5.1316e-01    3     210.0
   78     5.1316e-01    4     220.0
   78     5.1316e-01    5     230.0
   78     5.1316e-01    6     240.0
   78     5.1316e-01    7     250.0
   78     5.1316e-01    8     260.0
   78     5.1316e-01    9     270.0
   78     5.1316e-01   10     280.0
   78     5.1316e-01   11     290.0
   78     5.1316e-01   12     300.0
   78     5.1316e-01   13     310.0
   79     4.2355e-01    1     180.0
   79     4.2355e-01    2     190.0
   79     4.2355e-01    3     200.0
   79     4.2355e-01    4     210.0
   79     4.2355e-01    5     220.0
   79     4.2355e-01    6     230.0
   79     4.2355e-01    7     240.0
   79     4.2355e-01    8     250.0
   79     4.2355e-01    9     260.0
   79     4.2355e-01   10     270.0
   79     4.2355e-01   11     280.0
   79     4.2355e-01   12     290.0
   79     4.2355e-01   13     300.0
   79     4.2355e-01   14     310.0
   80     3.4959e-01    1     180.0
   80     3.4959e-01    2     190.0
   80     3.4959e-01    3     200.0
   80     3.4959e-01    4     210.0
   80     3.4959e-01    5     220.0
   80     3.4959e-01    6     230.0
   80     3.4959e-01    7     240.0
   80     3.4959e-01    8     250.0
   80     3.4959e-01    9     260.0
   80     3.4959e-01   10     270.0
   80     3.4959e-01   11     280.0
   80     3.4959e-01   12     290.0
   80     3.4959e-01   13     300.0
   80     3.4959e-01   14     310.0
   81     2.8855e-01    1     180.0
   81     2.8855e-01    2     190.0
   81     2.8855e-01    3     200.0
   81     2.8855e-01    4     210.0
   81     2.8855e-01    5     220.0
   81     2.8855e-01    6     230.0
   81     2.8855e-01    7     240.0
   81     2.8855e-01    8     250.0
   81     2.8855e-01    9     260.0
   81     2.8855e-01   10     270.0
   81     2.8855e-01   11     280.0
   81     2.8855e-01   12     290.0
   81     2.8855e-01   13     300.0
   82     2.3817e-01    1     180.0
   82     2.3817e-01    2     190.0
   82     2.3817e-01    3     200.0
   82     2.3817e-01    4     210.0
   82     2.3817e-01    5     220.0
   82     2.3817e-01    6     230.0
   82     2.3817e-01    7     240.0
   82     2.3817e-01    8     250.0
   82     2.3817e-01    9     260.0
   82     2.3817e-01   10     270.0
   82     2.3817e-01   11     280.0
   82     2.3817e-01   12     290.0
   82     2.3817e-01   13     300.0
   83     1.9659e-01    1     180.0
   83     1.9659e-01    2     190.0
   83     1.9659e-01    3     200.0
   83     1.9659e-01    4     210.0
   83     1.9659e-01    5     220.0
   83     1.9659e-01    6     230.0
   83     1.9659e-01    7     240.0
   83     1.9659e-01    8     250.0
   83     1.9659e-01    9     260.0
   83     1.9659e-01   10     270.0
   83     1.9659e-01   11     280.0
   83     1.9659e-01   12     290.0
   83     1.9659e-01   13     300.0
   84     1.6226e-01    1     190.0
   84     1.6226e-01    2     200.0
   84     1.6226e-01    3     210.0
   84     1.6226e-01    4     220.0
   84     1.6226e-01    5     230.0
   84     1.6226e-01    6     240.0
   84     1.6226e-01    7     250.0
   84     1.6226e-01    8     260.0
   84     1.6226e-01    9     270.0
   84     1.6226e-01   10     280.0
   84     1.6226e-01   11     290.0
   84     1.6226e-01   12     300.0
   85     1.3393e-01    1     180.0
   85     1.3393e-01    2     190.0
   85     1.3393e-01    3     200.0
   85     1.3393e-01    4     210.0
   85     1.3393e-01    5     220.0
   85     1.3393e-01    6     230.0
   85     1.3393e-01    7     240.0
   85     1.3393e-01    8     250.0
   85     1.3393e-01    9     260.0
   85     1.3393e-01   10     270.0
   85     1.3393e-01   11     280.0
   85     1.3393e-01   12     290.0
   86     1.1055e-01    1     180.0
   86     1.1055e-01    2     190.0
   86     1.1055e-01    3     200.0
   86     1.1055e-01    4     210.0
   86     1.1055e-01    5     220.0
   86     1.1055e-01    6     230.0
   86     1.1055e-01    7     240.0
   86     1.1055e-01    8     250.0
   86     1.1055e-01    9     260.0
   86     1.1055e-01   10     270.0
   86     1.1055e-01   11     280.0
   86     1.1055e-01   12     290.0
   86     1.1055e-01   13     300.0
   86     1.1055e-01   14     310.0
